{
 "cells": [
  {
   "cell_type": "markdown",
   "metadata": {},
   "source": [
    "Data Science: DATATHON - Predicciones\n",
    "Caso: Programa de bicicletas compartidas (Bicycle share scheme)\n",
    "Objetivo: Predecir la cantidad de biciletas que se alquilan \n",
    "Métrica de evaluación del modelo: Raíz del Error Cuadrático Medio (RECM o RMSE)"
   ]
  },
  {
   "cell_type": "code",
   "execution_count": 1,
   "metadata": {},
   "outputs": [],
   "source": [
    "#0. Importación de librerías \n",
    "import openpyxl as op\n",
    "import numpy as np\n",
    "import pandas as pd\n",
    "import matplotlib.pyplot as plt\n",
    "import datetime\n",
    "from datetime import date\n",
    "%matplotlib inline\n",
    "import seaborn as sns\n",
    "sns.set()"
   ]
  },
  {
   "cell_type": "code",
   "execution_count": 13,
   "metadata": {},
   "outputs": [],
   "source": [
    "#1. Carga de tabla de entrenamiento del modelo\n",
    "datos_entrena = pd.read_excel('bike_train.xlsx')"
   ]
  },
  {
   "cell_type": "code",
   "execution_count": 45,
   "metadata": {},
   "outputs": [
    {
     "data": {
      "text/html": [
       "<div>\n",
       "<style scoped>\n",
       "    .dataframe tbody tr th:only-of-type {\n",
       "        vertical-align: middle;\n",
       "    }\n",
       "\n",
       "    .dataframe tbody tr th {\n",
       "        vertical-align: top;\n",
       "    }\n",
       "\n",
       "    .dataframe thead th {\n",
       "        text-align: right;\n",
       "    }\n",
       "</style>\n",
       "<table border=\"1\" class=\"dataframe\">\n",
       "  <thead>\n",
       "    <tr style=\"text-align: right;\">\n",
       "      <th></th>\n",
       "      <th>instant</th>\n",
       "      <th>FechaNumero</th>\n",
       "      <th>season</th>\n",
       "      <th>yr</th>\n",
       "      <th>mnth</th>\n",
       "      <th>hr</th>\n",
       "      <th>holiday</th>\n",
       "      <th>weekday</th>\n",
       "      <th>workingday</th>\n",
       "      <th>weathersit</th>\n",
       "      <th>temp</th>\n",
       "      <th>atemp</th>\n",
       "      <th>hum</th>\n",
       "      <th>windspeed</th>\n",
       "      <th>casual</th>\n",
       "      <th>registered</th>\n",
       "      <th>cnt</th>\n",
       "    </tr>\n",
       "  </thead>\n",
       "  <tbody>\n",
       "    <tr>\n",
       "      <th>count</th>\n",
       "      <td>11999.000000</td>\n",
       "      <td>11999.000000</td>\n",
       "      <td>11999.000000</td>\n",
       "      <td>11999.000000</td>\n",
       "      <td>11999.000000</td>\n",
       "      <td>11999.000000</td>\n",
       "      <td>11999.000000</td>\n",
       "      <td>11999.000000</td>\n",
       "      <td>11999.000000</td>\n",
       "      <td>11999.000000</td>\n",
       "      <td>11999.000000</td>\n",
       "      <td>11999.000000</td>\n",
       "      <td>11999.000000</td>\n",
       "      <td>11999.000000</td>\n",
       "      <td>11999.000000</td>\n",
       "      <td>11999.000000</td>\n",
       "      <td>11999.000000</td>\n",
       "    </tr>\n",
       "    <tr>\n",
       "      <th>mean</th>\n",
       "      <td>6000.000000</td>\n",
       "      <td>734391.626219</td>\n",
       "      <td>2.210684</td>\n",
       "      <td>0.279523</td>\n",
       "      <td>5.530294</td>\n",
       "      <td>11.556630</td>\n",
       "      <td>0.027752</td>\n",
       "      <td>3.009334</td>\n",
       "      <td>0.684057</td>\n",
       "      <td>1.435036</td>\n",
       "      <td>0.465704</td>\n",
       "      <td>0.448888</td>\n",
       "      <td>0.625770</td>\n",
       "      <td>0.196433</td>\n",
       "      <td>30.049837</td>\n",
       "      <td>128.545129</td>\n",
       "      <td>158.594966</td>\n",
       "    </tr>\n",
       "    <tr>\n",
       "      <th>std</th>\n",
       "      <td>3463.957275</td>\n",
       "      <td>145.218201</td>\n",
       "      <td>1.088798</td>\n",
       "      <td>0.448784</td>\n",
       "      <td>3.433005</td>\n",
       "      <td>6.911891</td>\n",
       "      <td>0.164269</td>\n",
       "      <td>2.005264</td>\n",
       "      <td>0.464910</td>\n",
       "      <td>0.650894</td>\n",
       "      <td>0.188576</td>\n",
       "      <td>0.169633</td>\n",
       "      <td>0.200637</td>\n",
       "      <td>0.125394</td>\n",
       "      <td>43.596915</td>\n",
       "      <td>124.692750</td>\n",
       "      <td>151.392952</td>\n",
       "    </tr>\n",
       "    <tr>\n",
       "      <th>min</th>\n",
       "      <td>1.000000</td>\n",
       "      <td>734138.000000</td>\n",
       "      <td>1.000000</td>\n",
       "      <td>0.000000</td>\n",
       "      <td>1.000000</td>\n",
       "      <td>0.000000</td>\n",
       "      <td>0.000000</td>\n",
       "      <td>0.000000</td>\n",
       "      <td>0.000000</td>\n",
       "      <td>1.000000</td>\n",
       "      <td>0.020000</td>\n",
       "      <td>0.000000</td>\n",
       "      <td>0.000000</td>\n",
       "      <td>0.000000</td>\n",
       "      <td>0.000000</td>\n",
       "      <td>0.000000</td>\n",
       "      <td>1.000000</td>\n",
       "    </tr>\n",
       "    <tr>\n",
       "      <th>25%</th>\n",
       "      <td>3000.500000</td>\n",
       "      <td>734266.000000</td>\n",
       "      <td>1.000000</td>\n",
       "      <td>0.000000</td>\n",
       "      <td>3.000000</td>\n",
       "      <td>6.000000</td>\n",
       "      <td>0.000000</td>\n",
       "      <td>1.000000</td>\n",
       "      <td>0.000000</td>\n",
       "      <td>1.000000</td>\n",
       "      <td>0.320000</td>\n",
       "      <td>0.303000</td>\n",
       "      <td>0.470000</td>\n",
       "      <td>0.104500</td>\n",
       "      <td>3.000000</td>\n",
       "      <td>29.000000</td>\n",
       "      <td>34.000000</td>\n",
       "    </tr>\n",
       "    <tr>\n",
       "      <th>50%</th>\n",
       "      <td>6000.000000</td>\n",
       "      <td>734392.000000</td>\n",
       "      <td>2.000000</td>\n",
       "      <td>0.000000</td>\n",
       "      <td>5.000000</td>\n",
       "      <td>12.000000</td>\n",
       "      <td>0.000000</td>\n",
       "      <td>3.000000</td>\n",
       "      <td>1.000000</td>\n",
       "      <td>1.000000</td>\n",
       "      <td>0.460000</td>\n",
       "      <td>0.454500</td>\n",
       "      <td>0.620000</td>\n",
       "      <td>0.194000</td>\n",
       "      <td>13.000000</td>\n",
       "      <td>98.000000</td>\n",
       "      <td>118.000000</td>\n",
       "    </tr>\n",
       "    <tr>\n",
       "      <th>75%</th>\n",
       "      <td>8999.500000</td>\n",
       "      <td>734517.000000</td>\n",
       "      <td>3.000000</td>\n",
       "      <td>1.000000</td>\n",
       "      <td>8.000000</td>\n",
       "      <td>18.000000</td>\n",
       "      <td>0.000000</td>\n",
       "      <td>5.000000</td>\n",
       "      <td>1.000000</td>\n",
       "      <td>2.000000</td>\n",
       "      <td>0.620000</td>\n",
       "      <td>0.590900</td>\n",
       "      <td>0.790000</td>\n",
       "      <td>0.283600</td>\n",
       "      <td>39.000000</td>\n",
       "      <td>185.000000</td>\n",
       "      <td>232.000000</td>\n",
       "    </tr>\n",
       "    <tr>\n",
       "      <th>max</th>\n",
       "      <td>11999.000000</td>\n",
       "      <td>734643.000000</td>\n",
       "      <td>4.000000</td>\n",
       "      <td>1.000000</td>\n",
       "      <td>12.000000</td>\n",
       "      <td>23.000000</td>\n",
       "      <td>1.000000</td>\n",
       "      <td>6.000000</td>\n",
       "      <td>1.000000</td>\n",
       "      <td>4.000000</td>\n",
       "      <td>0.960000</td>\n",
       "      <td>1.000000</td>\n",
       "      <td>1.000000</td>\n",
       "      <td>0.850700</td>\n",
       "      <td>367.000000</td>\n",
       "      <td>770.000000</td>\n",
       "      <td>957.000000</td>\n",
       "    </tr>\n",
       "  </tbody>\n",
       "</table>\n",
       "</div>"
      ],
      "text/plain": [
       "            instant    FechaNumero        season            yr          mnth  \\\n",
       "count  11999.000000   11999.000000  11999.000000  11999.000000  11999.000000   \n",
       "mean    6000.000000  734391.626219      2.210684      0.279523      5.530294   \n",
       "std     3463.957275     145.218201      1.088798      0.448784      3.433005   \n",
       "min        1.000000  734138.000000      1.000000      0.000000      1.000000   \n",
       "25%     3000.500000  734266.000000      1.000000      0.000000      3.000000   \n",
       "50%     6000.000000  734392.000000      2.000000      0.000000      5.000000   \n",
       "75%     8999.500000  734517.000000      3.000000      1.000000      8.000000   \n",
       "max    11999.000000  734643.000000      4.000000      1.000000     12.000000   \n",
       "\n",
       "                 hr       holiday       weekday    workingday    weathersit  \\\n",
       "count  11999.000000  11999.000000  11999.000000  11999.000000  11999.000000   \n",
       "mean      11.556630      0.027752      3.009334      0.684057      1.435036   \n",
       "std        6.911891      0.164269      2.005264      0.464910      0.650894   \n",
       "min        0.000000      0.000000      0.000000      0.000000      1.000000   \n",
       "25%        6.000000      0.000000      1.000000      0.000000      1.000000   \n",
       "50%       12.000000      0.000000      3.000000      1.000000      1.000000   \n",
       "75%       18.000000      0.000000      5.000000      1.000000      2.000000   \n",
       "max       23.000000      1.000000      6.000000      1.000000      4.000000   \n",
       "\n",
       "               temp         atemp           hum     windspeed        casual  \\\n",
       "count  11999.000000  11999.000000  11999.000000  11999.000000  11999.000000   \n",
       "mean       0.465704      0.448888      0.625770      0.196433     30.049837   \n",
       "std        0.188576      0.169633      0.200637      0.125394     43.596915   \n",
       "min        0.020000      0.000000      0.000000      0.000000      0.000000   \n",
       "25%        0.320000      0.303000      0.470000      0.104500      3.000000   \n",
       "50%        0.460000      0.454500      0.620000      0.194000     13.000000   \n",
       "75%        0.620000      0.590900      0.790000      0.283600     39.000000   \n",
       "max        0.960000      1.000000      1.000000      0.850700    367.000000   \n",
       "\n",
       "         registered           cnt  \n",
       "count  11999.000000  11999.000000  \n",
       "mean     128.545129    158.594966  \n",
       "std      124.692750    151.392952  \n",
       "min        0.000000      1.000000  \n",
       "25%       29.000000     34.000000  \n",
       "50%       98.000000    118.000000  \n",
       "75%      185.000000    232.000000  \n",
       "max      770.000000    957.000000  "
      ]
     },
     "execution_count": 45,
     "metadata": {},
     "output_type": "execute_result"
    }
   ],
   "source": [
    "#exploración de datos de la tabla de entrenamiento\n",
    "datos_entrena.describe()"
   ]
  },
  {
   "cell_type": "code",
   "execution_count": 46,
   "metadata": {},
   "outputs": [
    {
     "name": "stdout",
     "output_type": "stream",
     "text": [
      "<class 'pandas.core.frame.DataFrame'>\n",
      "RangeIndex: 11999 entries, 0 to 11998\n",
      "Data columns (total 18 columns):\n",
      " #   Column       Non-Null Count  Dtype         \n",
      "---  ------       --------------  -----         \n",
      " 0   instant      11999 non-null  int64         \n",
      " 1   dteday       11999 non-null  datetime64[ns]\n",
      " 2   FechaNumero  11999 non-null  int64         \n",
      " 3   season       11999 non-null  int64         \n",
      " 4   yr           11999 non-null  int64         \n",
      " 5   mnth         11999 non-null  int64         \n",
      " 6   hr           11999 non-null  int64         \n",
      " 7   holiday      11999 non-null  int64         \n",
      " 8   weekday      11999 non-null  int64         \n",
      " 9   workingday   11999 non-null  int64         \n",
      " 10  weathersit   11999 non-null  int64         \n",
      " 11  temp         11999 non-null  float64       \n",
      " 12  atemp        11999 non-null  float64       \n",
      " 13  hum          11999 non-null  float64       \n",
      " 14  windspeed    11999 non-null  float64       \n",
      " 15  casual       11999 non-null  int64         \n",
      " 16  registered   11999 non-null  int64         \n",
      " 17  cnt          11999 non-null  int64         \n",
      "dtypes: datetime64[ns](1), float64(4), int64(13)\n",
      "memory usage: 1.6 MB\n"
     ]
    }
   ],
   "source": [
    "datos_entrena.info()"
   ]
  },
  {
   "cell_type": "code",
   "execution_count": 14,
   "metadata": {},
   "outputs": [],
   "source": [
    "#Análisis y evaluación de datos de la tabla de entrenamiento\n",
    "#Codifica un numero (valor entero) por fecha\n",
    "datos_entrena.insert(2, 'FechaNumero',datos_entrena['dteday'].map(date.toordinal))"
   ]
  },
  {
   "cell_type": "code",
   "execution_count": 15,
   "metadata": {},
   "outputs": [
    {
     "data": {
      "text/html": [
       "<div>\n",
       "<style scoped>\n",
       "    .dataframe tbody tr th:only-of-type {\n",
       "        vertical-align: middle;\n",
       "    }\n",
       "\n",
       "    .dataframe tbody tr th {\n",
       "        vertical-align: top;\n",
       "    }\n",
       "\n",
       "    .dataframe thead th {\n",
       "        text-align: right;\n",
       "    }\n",
       "</style>\n",
       "<table border=\"1\" class=\"dataframe\">\n",
       "  <thead>\n",
       "    <tr style=\"text-align: right;\">\n",
       "      <th></th>\n",
       "      <th>instant</th>\n",
       "      <th>dteday</th>\n",
       "      <th>FechaNumero</th>\n",
       "      <th>season</th>\n",
       "      <th>yr</th>\n",
       "      <th>mnth</th>\n",
       "      <th>hr</th>\n",
       "      <th>holiday</th>\n",
       "      <th>weekday</th>\n",
       "      <th>workingday</th>\n",
       "      <th>weathersit</th>\n",
       "      <th>temp</th>\n",
       "      <th>atemp</th>\n",
       "      <th>hum</th>\n",
       "      <th>windspeed</th>\n",
       "      <th>casual</th>\n",
       "      <th>registered</th>\n",
       "      <th>cnt</th>\n",
       "    </tr>\n",
       "  </thead>\n",
       "  <tbody>\n",
       "    <tr>\n",
       "      <th>0</th>\n",
       "      <td>1</td>\n",
       "      <td>2011-01-01</td>\n",
       "      <td>734138</td>\n",
       "      <td>1</td>\n",
       "      <td>0</td>\n",
       "      <td>1</td>\n",
       "      <td>0</td>\n",
       "      <td>0</td>\n",
       "      <td>6</td>\n",
       "      <td>0</td>\n",
       "      <td>1</td>\n",
       "      <td>0.24</td>\n",
       "      <td>0.2879</td>\n",
       "      <td>0.81</td>\n",
       "      <td>0.0</td>\n",
       "      <td>3</td>\n",
       "      <td>13</td>\n",
       "      <td>16</td>\n",
       "    </tr>\n",
       "    <tr>\n",
       "      <th>1</th>\n",
       "      <td>2</td>\n",
       "      <td>2011-01-01</td>\n",
       "      <td>734138</td>\n",
       "      <td>1</td>\n",
       "      <td>0</td>\n",
       "      <td>1</td>\n",
       "      <td>1</td>\n",
       "      <td>0</td>\n",
       "      <td>6</td>\n",
       "      <td>0</td>\n",
       "      <td>1</td>\n",
       "      <td>0.22</td>\n",
       "      <td>0.2727</td>\n",
       "      <td>0.80</td>\n",
       "      <td>0.0</td>\n",
       "      <td>8</td>\n",
       "      <td>32</td>\n",
       "      <td>40</td>\n",
       "    </tr>\n",
       "    <tr>\n",
       "      <th>2</th>\n",
       "      <td>3</td>\n",
       "      <td>2011-01-01</td>\n",
       "      <td>734138</td>\n",
       "      <td>1</td>\n",
       "      <td>0</td>\n",
       "      <td>1</td>\n",
       "      <td>2</td>\n",
       "      <td>0</td>\n",
       "      <td>6</td>\n",
       "      <td>0</td>\n",
       "      <td>1</td>\n",
       "      <td>0.22</td>\n",
       "      <td>0.2727</td>\n",
       "      <td>0.80</td>\n",
       "      <td>0.0</td>\n",
       "      <td>5</td>\n",
       "      <td>27</td>\n",
       "      <td>32</td>\n",
       "    </tr>\n",
       "    <tr>\n",
       "      <th>3</th>\n",
       "      <td>4</td>\n",
       "      <td>2011-01-01</td>\n",
       "      <td>734138</td>\n",
       "      <td>1</td>\n",
       "      <td>0</td>\n",
       "      <td>1</td>\n",
       "      <td>3</td>\n",
       "      <td>0</td>\n",
       "      <td>6</td>\n",
       "      <td>0</td>\n",
       "      <td>1</td>\n",
       "      <td>0.24</td>\n",
       "      <td>0.2879</td>\n",
       "      <td>0.75</td>\n",
       "      <td>0.0</td>\n",
       "      <td>3</td>\n",
       "      <td>10</td>\n",
       "      <td>13</td>\n",
       "    </tr>\n",
       "    <tr>\n",
       "      <th>4</th>\n",
       "      <td>5</td>\n",
       "      <td>2011-01-01</td>\n",
       "      <td>734138</td>\n",
       "      <td>1</td>\n",
       "      <td>0</td>\n",
       "      <td>1</td>\n",
       "      <td>4</td>\n",
       "      <td>0</td>\n",
       "      <td>6</td>\n",
       "      <td>0</td>\n",
       "      <td>1</td>\n",
       "      <td>0.24</td>\n",
       "      <td>0.2879</td>\n",
       "      <td>0.75</td>\n",
       "      <td>0.0</td>\n",
       "      <td>0</td>\n",
       "      <td>1</td>\n",
       "      <td>1</td>\n",
       "    </tr>\n",
       "  </tbody>\n",
       "</table>\n",
       "</div>"
      ],
      "text/plain": [
       "   instant     dteday  FechaNumero  season  yr  mnth  hr  holiday  weekday  \\\n",
       "0        1 2011-01-01       734138       1   0     1   0        0        6   \n",
       "1        2 2011-01-01       734138       1   0     1   1        0        6   \n",
       "2        3 2011-01-01       734138       1   0     1   2        0        6   \n",
       "3        4 2011-01-01       734138       1   0     1   3        0        6   \n",
       "4        5 2011-01-01       734138       1   0     1   4        0        6   \n",
       "\n",
       "   workingday  weathersit  temp   atemp   hum  windspeed  casual  registered  \\\n",
       "0           0           1  0.24  0.2879  0.81        0.0       3          13   \n",
       "1           0           1  0.22  0.2727  0.80        0.0       8          32   \n",
       "2           0           1  0.22  0.2727  0.80        0.0       5          27   \n",
       "3           0           1  0.24  0.2879  0.75        0.0       3          10   \n",
       "4           0           1  0.24  0.2879  0.75        0.0       0           1   \n",
       "\n",
       "   cnt  \n",
       "0   16  \n",
       "1   40  \n",
       "2   32  \n",
       "3   13  \n",
       "4    1  "
      ]
     },
     "execution_count": 15,
     "metadata": {},
     "output_type": "execute_result"
    }
   ],
   "source": [
    "datos_entrena.head(5)"
   ]
  },
  {
   "cell_type": "code",
   "execution_count": 16,
   "metadata": {},
   "outputs": [],
   "source": [
    "#Analisis de correlación entre variables\n",
    "corr = datos_entrena.corr()"
   ]
  },
  {
   "cell_type": "code",
   "execution_count": 47,
   "metadata": {},
   "outputs": [
    {
     "data": {
      "text/html": [
       "<div>\n",
       "<style scoped>\n",
       "    .dataframe tbody tr th:only-of-type {\n",
       "        vertical-align: middle;\n",
       "    }\n",
       "\n",
       "    .dataframe tbody tr th {\n",
       "        vertical-align: top;\n",
       "    }\n",
       "\n",
       "    .dataframe thead th {\n",
       "        text-align: right;\n",
       "    }\n",
       "</style>\n",
       "<table border=\"1\" class=\"dataframe\">\n",
       "  <thead>\n",
       "    <tr style=\"text-align: right;\">\n",
       "      <th></th>\n",
       "      <th>instant</th>\n",
       "      <th>FechaNumero</th>\n",
       "      <th>season</th>\n",
       "      <th>yr</th>\n",
       "      <th>mnth</th>\n",
       "      <th>hr</th>\n",
       "      <th>holiday</th>\n",
       "      <th>weekday</th>\n",
       "      <th>workingday</th>\n",
       "      <th>weathersit</th>\n",
       "      <th>temp</th>\n",
       "      <th>atemp</th>\n",
       "      <th>hum</th>\n",
       "      <th>windspeed</th>\n",
       "      <th>casual</th>\n",
       "      <th>registered</th>\n",
       "      <th>cnt</th>\n",
       "    </tr>\n",
       "  </thead>\n",
       "  <tbody>\n",
       "    <tr>\n",
       "      <th>instant</th>\n",
       "      <td>1.000000</td>\n",
       "      <td>0.999990</td>\n",
       "      <td>0.118039</td>\n",
       "      <td>0.777284</td>\n",
       "      <td>0.167195</td>\n",
       "      <td>-0.007446</td>\n",
       "      <td>0.008323</td>\n",
       "      <td>0.007103</td>\n",
       "      <td>0.005295</td>\n",
       "      <td>-0.015359</td>\n",
       "      <td>0.029297</td>\n",
       "      <td>0.042490</td>\n",
       "      <td>-0.013275</td>\n",
       "      <td>-0.029001</td>\n",
       "      <td>0.115768</td>\n",
       "      <td>0.238546</td>\n",
       "      <td>0.229814</td>\n",
       "    </tr>\n",
       "    <tr>\n",
       "      <th>FechaNumero</th>\n",
       "      <td>0.999990</td>\n",
       "      <td>1.000000</td>\n",
       "      <td>0.119277</td>\n",
       "      <td>0.776468</td>\n",
       "      <td>0.168474</td>\n",
       "      <td>-0.009457</td>\n",
       "      <td>0.008254</td>\n",
       "      <td>0.007121</td>\n",
       "      <td>0.005410</td>\n",
       "      <td>-0.015217</td>\n",
       "      <td>0.030437</td>\n",
       "      <td>0.043644</td>\n",
       "      <td>-0.012197</td>\n",
       "      <td>-0.029317</td>\n",
       "      <td>0.115635</td>\n",
       "      <td>0.238038</td>\n",
       "      <td>0.229357</td>\n",
       "    </tr>\n",
       "    <tr>\n",
       "      <th>season</th>\n",
       "      <td>0.118039</td>\n",
       "      <td>0.119277</td>\n",
       "      <td>1.000000</td>\n",
       "      <td>-0.446665</td>\n",
       "      <td>0.865268</td>\n",
       "      <td>-0.007610</td>\n",
       "      <td>-0.008928</td>\n",
       "      <td>-0.003688</td>\n",
       "      <td>0.012630</td>\n",
       "      <td>-0.009029</td>\n",
       "      <td>0.410790</td>\n",
       "      <td>0.413196</td>\n",
       "      <td>0.198937</td>\n",
       "      <td>-0.142924</td>\n",
       "      <td>0.119043</td>\n",
       "      <td>0.093595</td>\n",
       "      <td>0.111369</td>\n",
       "    </tr>\n",
       "    <tr>\n",
       "      <th>yr</th>\n",
       "      <td>0.777284</td>\n",
       "      <td>0.776468</td>\n",
       "      <td>-0.446665</td>\n",
       "      <td>1.000000</td>\n",
       "      <td>-0.488103</td>\n",
       "      <td>-0.003948</td>\n",
       "      <td>0.001039</td>\n",
       "      <td>-0.002714</td>\n",
       "      <td>0.001068</td>\n",
       "      <td>-0.006309</td>\n",
       "      <td>-0.198929</td>\n",
       "      <td>-0.190360</td>\n",
       "      <td>-0.141319</td>\n",
       "      <td>0.067356</td>\n",
       "      <td>0.053371</td>\n",
       "      <td>0.171910</td>\n",
       "      <td>0.156960</td>\n",
       "    </tr>\n",
       "    <tr>\n",
       "      <th>mnth</th>\n",
       "      <td>0.167195</td>\n",
       "      <td>0.168474</td>\n",
       "      <td>0.865268</td>\n",
       "      <td>-0.488103</td>\n",
       "      <td>1.000000</td>\n",
       "      <td>-0.007060</td>\n",
       "      <td>0.009372</td>\n",
       "      <td>0.014500</td>\n",
       "      <td>0.006441</td>\n",
       "      <td>-0.012239</td>\n",
       "      <td>0.353330</td>\n",
       "      <td>0.358541</td>\n",
       "      <td>0.201669</td>\n",
       "      <td>-0.147042</td>\n",
       "      <td>0.078563</td>\n",
       "      <td>0.061686</td>\n",
       "      <td>0.073431</td>\n",
       "    </tr>\n",
       "    <tr>\n",
       "      <th>hr</th>\n",
       "      <td>-0.007446</td>\n",
       "      <td>-0.009457</td>\n",
       "      <td>-0.007610</td>\n",
       "      <td>-0.003948</td>\n",
       "      <td>-0.007060</td>\n",
       "      <td>1.000000</td>\n",
       "      <td>0.000414</td>\n",
       "      <td>-0.004037</td>\n",
       "      <td>0.003454</td>\n",
       "      <td>-0.024003</td>\n",
       "      <td>0.139251</td>\n",
       "      <td>0.134633</td>\n",
       "      <td>-0.257202</td>\n",
       "      <td>0.130441</td>\n",
       "      <td>0.285182</td>\n",
       "      <td>0.381933</td>\n",
       "      <td>0.396698</td>\n",
       "    </tr>\n",
       "    <tr>\n",
       "      <th>holiday</th>\n",
       "      <td>0.008323</td>\n",
       "      <td>0.008254</td>\n",
       "      <td>-0.008928</td>\n",
       "      <td>0.001039</td>\n",
       "      <td>0.009372</td>\n",
       "      <td>0.000414</td>\n",
       "      <td>1.000000</td>\n",
       "      <td>-0.102503</td>\n",
       "      <td>-0.248601</td>\n",
       "      <td>-0.014707</td>\n",
       "      <td>-0.028519</td>\n",
       "      <td>-0.038005</td>\n",
       "      <td>-0.036672</td>\n",
       "      <td>0.022681</td>\n",
       "      <td>0.022140</td>\n",
       "      <td>-0.044534</td>\n",
       "      <td>-0.030304</td>\n",
       "    </tr>\n",
       "    <tr>\n",
       "      <th>weekday</th>\n",
       "      <td>0.007103</td>\n",
       "      <td>0.007121</td>\n",
       "      <td>-0.003688</td>\n",
       "      <td>-0.002714</td>\n",
       "      <td>0.014500</td>\n",
       "      <td>-0.004037</td>\n",
       "      <td>-0.102503</td>\n",
       "      <td>1.000000</td>\n",
       "      <td>0.031057</td>\n",
       "      <td>0.017259</td>\n",
       "      <td>-0.010002</td>\n",
       "      <td>-0.009841</td>\n",
       "      <td>-0.025932</td>\n",
       "      <td>0.008447</td>\n",
       "      <td>0.023687</td>\n",
       "      <td>0.019179</td>\n",
       "      <td>0.022618</td>\n",
       "    </tr>\n",
       "    <tr>\n",
       "      <th>workingday</th>\n",
       "      <td>0.005295</td>\n",
       "      <td>0.005410</td>\n",
       "      <td>0.012630</td>\n",
       "      <td>0.001068</td>\n",
       "      <td>0.006441</td>\n",
       "      <td>0.003454</td>\n",
       "      <td>-0.248601</td>\n",
       "      <td>0.031057</td>\n",
       "      <td>1.000000</td>\n",
       "      <td>0.042202</td>\n",
       "      <td>0.062273</td>\n",
       "      <td>0.066305</td>\n",
       "      <td>0.022805</td>\n",
       "      <td>-0.002493</td>\n",
       "      <td>-0.298241</td>\n",
       "      <td>0.134789</td>\n",
       "      <td>0.025132</td>\n",
       "    </tr>\n",
       "    <tr>\n",
       "      <th>weathersit</th>\n",
       "      <td>-0.015359</td>\n",
       "      <td>-0.015217</td>\n",
       "      <td>-0.009029</td>\n",
       "      <td>-0.006309</td>\n",
       "      <td>-0.012239</td>\n",
       "      <td>-0.024003</td>\n",
       "      <td>-0.014707</td>\n",
       "      <td>0.017259</td>\n",
       "      <td>0.042202</td>\n",
       "      <td>1.000000</td>\n",
       "      <td>-0.080149</td>\n",
       "      <td>-0.081386</td>\n",
       "      <td>0.430378</td>\n",
       "      <td>0.009195</td>\n",
       "      <td>-0.147903</td>\n",
       "      <td>-0.130223</td>\n",
       "      <td>-0.149848</td>\n",
       "    </tr>\n",
       "    <tr>\n",
       "      <th>temp</th>\n",
       "      <td>0.029297</td>\n",
       "      <td>0.030437</td>\n",
       "      <td>0.410790</td>\n",
       "      <td>-0.198929</td>\n",
       "      <td>0.353330</td>\n",
       "      <td>0.139251</td>\n",
       "      <td>-0.028519</td>\n",
       "      <td>-0.010002</td>\n",
       "      <td>0.062273</td>\n",
       "      <td>-0.080149</td>\n",
       "      <td>1.000000</td>\n",
       "      <td>0.991785</td>\n",
       "      <td>-0.019289</td>\n",
       "      <td>-0.013984</td>\n",
       "      <td>0.450777</td>\n",
       "      <td>0.322875</td>\n",
       "      <td>0.395743</td>\n",
       "    </tr>\n",
       "    <tr>\n",
       "      <th>atemp</th>\n",
       "      <td>0.042490</td>\n",
       "      <td>0.043644</td>\n",
       "      <td>0.413196</td>\n",
       "      <td>-0.190360</td>\n",
       "      <td>0.358541</td>\n",
       "      <td>0.134633</td>\n",
       "      <td>-0.038005</td>\n",
       "      <td>-0.009841</td>\n",
       "      <td>0.066305</td>\n",
       "      <td>-0.081386</td>\n",
       "      <td>0.991785</td>\n",
       "      <td>1.000000</td>\n",
       "      <td>-0.003669</td>\n",
       "      <td>-0.057619</td>\n",
       "      <td>0.447899</td>\n",
       "      <td>0.323264</td>\n",
       "      <td>0.395234</td>\n",
       "    </tr>\n",
       "    <tr>\n",
       "      <th>hum</th>\n",
       "      <td>-0.013275</td>\n",
       "      <td>-0.012197</td>\n",
       "      <td>0.198937</td>\n",
       "      <td>-0.141319</td>\n",
       "      <td>0.201669</td>\n",
       "      <td>-0.257202</td>\n",
       "      <td>-0.036672</td>\n",
       "      <td>-0.025932</td>\n",
       "      <td>0.022805</td>\n",
       "      <td>0.430378</td>\n",
       "      <td>-0.019289</td>\n",
       "      <td>-0.003669</td>\n",
       "      <td>1.000000</td>\n",
       "      <td>-0.295765</td>\n",
       "      <td>-0.298354</td>\n",
       "      <td>-0.264382</td>\n",
       "      <td>-0.303672</td>\n",
       "    </tr>\n",
       "    <tr>\n",
       "      <th>windspeed</th>\n",
       "      <td>-0.029001</td>\n",
       "      <td>-0.029317</td>\n",
       "      <td>-0.142924</td>\n",
       "      <td>0.067356</td>\n",
       "      <td>-0.147042</td>\n",
       "      <td>0.130441</td>\n",
       "      <td>0.022681</td>\n",
       "      <td>0.008447</td>\n",
       "      <td>-0.002493</td>\n",
       "      <td>0.009195</td>\n",
       "      <td>-0.013984</td>\n",
       "      <td>-0.057619</td>\n",
       "      <td>-0.295765</td>\n",
       "      <td>1.000000</td>\n",
       "      <td>0.067061</td>\n",
       "      <td>0.091642</td>\n",
       "      <td>0.094791</td>\n",
       "    </tr>\n",
       "    <tr>\n",
       "      <th>casual</th>\n",
       "      <td>0.115768</td>\n",
       "      <td>0.115635</td>\n",
       "      <td>0.119043</td>\n",
       "      <td>0.053371</td>\n",
       "      <td>0.078563</td>\n",
       "      <td>0.285182</td>\n",
       "      <td>0.022140</td>\n",
       "      <td>0.023687</td>\n",
       "      <td>-0.298241</td>\n",
       "      <td>-0.147903</td>\n",
       "      <td>0.450777</td>\n",
       "      <td>0.447899</td>\n",
       "      <td>-0.298354</td>\n",
       "      <td>0.067061</td>\n",
       "      <td>1.000000</td>\n",
       "      <td>0.503185</td>\n",
       "      <td>0.702414</td>\n",
       "    </tr>\n",
       "    <tr>\n",
       "      <th>registered</th>\n",
       "      <td>0.238546</td>\n",
       "      <td>0.238038</td>\n",
       "      <td>0.093595</td>\n",
       "      <td>0.171910</td>\n",
       "      <td>0.061686</td>\n",
       "      <td>0.381933</td>\n",
       "      <td>-0.044534</td>\n",
       "      <td>0.019179</td>\n",
       "      <td>0.134789</td>\n",
       "      <td>-0.130223</td>\n",
       "      <td>0.322875</td>\n",
       "      <td>0.323264</td>\n",
       "      <td>-0.264382</td>\n",
       "      <td>0.091642</td>\n",
       "      <td>0.503185</td>\n",
       "      <td>1.000000</td>\n",
       "      <td>0.968540</td>\n",
       "    </tr>\n",
       "    <tr>\n",
       "      <th>cnt</th>\n",
       "      <td>0.229814</td>\n",
       "      <td>0.229357</td>\n",
       "      <td>0.111369</td>\n",
       "      <td>0.156960</td>\n",
       "      <td>0.073431</td>\n",
       "      <td>0.396698</td>\n",
       "      <td>-0.030304</td>\n",
       "      <td>0.022618</td>\n",
       "      <td>0.025132</td>\n",
       "      <td>-0.149848</td>\n",
       "      <td>0.395743</td>\n",
       "      <td>0.395234</td>\n",
       "      <td>-0.303672</td>\n",
       "      <td>0.094791</td>\n",
       "      <td>0.702414</td>\n",
       "      <td>0.968540</td>\n",
       "      <td>1.000000</td>\n",
       "    </tr>\n",
       "  </tbody>\n",
       "</table>\n",
       "</div>"
      ],
      "text/plain": [
       "              instant  FechaNumero    season        yr      mnth        hr  \\\n",
       "instant      1.000000     0.999990  0.118039  0.777284  0.167195 -0.007446   \n",
       "FechaNumero  0.999990     1.000000  0.119277  0.776468  0.168474 -0.009457   \n",
       "season       0.118039     0.119277  1.000000 -0.446665  0.865268 -0.007610   \n",
       "yr           0.777284     0.776468 -0.446665  1.000000 -0.488103 -0.003948   \n",
       "mnth         0.167195     0.168474  0.865268 -0.488103  1.000000 -0.007060   \n",
       "hr          -0.007446    -0.009457 -0.007610 -0.003948 -0.007060  1.000000   \n",
       "holiday      0.008323     0.008254 -0.008928  0.001039  0.009372  0.000414   \n",
       "weekday      0.007103     0.007121 -0.003688 -0.002714  0.014500 -0.004037   \n",
       "workingday   0.005295     0.005410  0.012630  0.001068  0.006441  0.003454   \n",
       "weathersit  -0.015359    -0.015217 -0.009029 -0.006309 -0.012239 -0.024003   \n",
       "temp         0.029297     0.030437  0.410790 -0.198929  0.353330  0.139251   \n",
       "atemp        0.042490     0.043644  0.413196 -0.190360  0.358541  0.134633   \n",
       "hum         -0.013275    -0.012197  0.198937 -0.141319  0.201669 -0.257202   \n",
       "windspeed   -0.029001    -0.029317 -0.142924  0.067356 -0.147042  0.130441   \n",
       "casual       0.115768     0.115635  0.119043  0.053371  0.078563  0.285182   \n",
       "registered   0.238546     0.238038  0.093595  0.171910  0.061686  0.381933   \n",
       "cnt          0.229814     0.229357  0.111369  0.156960  0.073431  0.396698   \n",
       "\n",
       "              holiday   weekday  workingday  weathersit      temp     atemp  \\\n",
       "instant      0.008323  0.007103    0.005295   -0.015359  0.029297  0.042490   \n",
       "FechaNumero  0.008254  0.007121    0.005410   -0.015217  0.030437  0.043644   \n",
       "season      -0.008928 -0.003688    0.012630   -0.009029  0.410790  0.413196   \n",
       "yr           0.001039 -0.002714    0.001068   -0.006309 -0.198929 -0.190360   \n",
       "mnth         0.009372  0.014500    0.006441   -0.012239  0.353330  0.358541   \n",
       "hr           0.000414 -0.004037    0.003454   -0.024003  0.139251  0.134633   \n",
       "holiday      1.000000 -0.102503   -0.248601   -0.014707 -0.028519 -0.038005   \n",
       "weekday     -0.102503  1.000000    0.031057    0.017259 -0.010002 -0.009841   \n",
       "workingday  -0.248601  0.031057    1.000000    0.042202  0.062273  0.066305   \n",
       "weathersit  -0.014707  0.017259    0.042202    1.000000 -0.080149 -0.081386   \n",
       "temp        -0.028519 -0.010002    0.062273   -0.080149  1.000000  0.991785   \n",
       "atemp       -0.038005 -0.009841    0.066305   -0.081386  0.991785  1.000000   \n",
       "hum         -0.036672 -0.025932    0.022805    0.430378 -0.019289 -0.003669   \n",
       "windspeed    0.022681  0.008447   -0.002493    0.009195 -0.013984 -0.057619   \n",
       "casual       0.022140  0.023687   -0.298241   -0.147903  0.450777  0.447899   \n",
       "registered  -0.044534  0.019179    0.134789   -0.130223  0.322875  0.323264   \n",
       "cnt         -0.030304  0.022618    0.025132   -0.149848  0.395743  0.395234   \n",
       "\n",
       "                  hum  windspeed    casual  registered       cnt  \n",
       "instant     -0.013275  -0.029001  0.115768    0.238546  0.229814  \n",
       "FechaNumero -0.012197  -0.029317  0.115635    0.238038  0.229357  \n",
       "season       0.198937  -0.142924  0.119043    0.093595  0.111369  \n",
       "yr          -0.141319   0.067356  0.053371    0.171910  0.156960  \n",
       "mnth         0.201669  -0.147042  0.078563    0.061686  0.073431  \n",
       "hr          -0.257202   0.130441  0.285182    0.381933  0.396698  \n",
       "holiday     -0.036672   0.022681  0.022140   -0.044534 -0.030304  \n",
       "weekday     -0.025932   0.008447  0.023687    0.019179  0.022618  \n",
       "workingday   0.022805  -0.002493 -0.298241    0.134789  0.025132  \n",
       "weathersit   0.430378   0.009195 -0.147903   -0.130223 -0.149848  \n",
       "temp        -0.019289  -0.013984  0.450777    0.322875  0.395743  \n",
       "atemp       -0.003669  -0.057619  0.447899    0.323264  0.395234  \n",
       "hum          1.000000  -0.295765 -0.298354   -0.264382 -0.303672  \n",
       "windspeed   -0.295765   1.000000  0.067061    0.091642  0.094791  \n",
       "casual      -0.298354   0.067061  1.000000    0.503185  0.702414  \n",
       "registered  -0.264382   0.091642  0.503185    1.000000  0.968540  \n",
       "cnt         -0.303672   0.094791  0.702414    0.968540  1.000000  "
      ]
     },
     "execution_count": 47,
     "metadata": {},
     "output_type": "execute_result"
    }
   ],
   "source": [
    "corr"
   ]
  },
  {
   "cell_type": "code",
   "execution_count": 18,
   "metadata": {},
   "outputs": [
    {
     "data": {
